0 0 0 0
307.692 -1 0 0
307.692 0 1 0
307.692 0 0 1
307.692 0 0 -1
307.692 0 -1 0
307.692 1 0 0
615.385 -0.707107 0.707107 0
615.385 -0.707107 0 0.707107
615.385 -0.707107 0 -0.707107
615.385 -0.707107 -0.707107 0
615.385 0 0.707107 0.707107
615.385 0 0.707107 -0.707107
615.385 0 -0.707107 0.707107
615.385 0 -0.707107 -0.707107
615.385 0.707107 0.707107 0
615.385 0.707107 0 0.707107
615.385 0.707107 0 -0.707107
615.385 0.707107 -0.707107 0
923.077 -0.57735 0.57735 0.57735
923.077 -0.57735 0.57735 -0.57735
923.077 -0.57735 -0.57735 0.57735
923.077 -0.57735 -0.57735 -0.57735
923.077 0.57735 0.57735 0.57735
923.077 0.57735 0.57735 -0.57735
923.077 0.57735 -0.57735 0.57735
923.077 0.57735 -0.57735 -0.57735
1230.77 -1 0 0
1230.77 0 1 0
1230.77 0 0 1
1230.77 0 0 -1
1230.77 0 -1 0
1230.77 1 0 0
1538.46 -0.894427 0.447214 0
1538.46 -0.894427 0 0.447214
1538.46 -0.894427 0 -0.447214
1538.46 -0.894427 -0.447214 0
1538.46 -0.447214 0.894427 0
1538.46 -0.447214 0 0.894427
1538.46 -0.447214 0 -0.894427
1538.46 -0.447214 -0.894427 0
1538.46 0 0.894427 0.447214
1538.46 0 0.894427 -0.447214
1538.46 0 0.447214 0.894427
1538.46 0 0.447214 -0.894427
1538.46 0 -0.447214 0.894427
1538.46 0 -0.447214 -0.894427
1538.46 0 -0.894427 0.447214
1538.46 0 -0.894427 -0.447214
1538.46 0.447214 0.894427 0
1538.46 0.447214 0 0.894427
1538.46 0.447214 0 -0.894427
1538.46 0.447214 -0.894427 0
1538.46 0.894427 0.447214 0
1538.46 0.894427 0 0.447214
1538.46 0.894427 0 -0.447214
1538.46 0.894427 -0.447214 0
1846.15 -0.816497 0.408248 0.408248
1846.15 -0.816497 0.408248 -0.408248
1846.15 -0.816497 -0.408248 0.408248
1846.15 -0.816497 -0.408248 -0.408248
1846.15 -0.408248 0.816497 0.408248
1846.15 -0.408248 0.816497 -0.408248
1846.15 -0.408248 0.408248 0.816497
1846.15 -0.408248 0.408248 -0.816497
1846.15 -0.408248 -0.408248 0.816497
1846.15 -0.408248 -0.408248 -0.816497
1846.15 -0.408248 -0.816497 0.408248
1846.15 -0.408248 -0.816497 -0.408248
1846.15 0.408248 0.816497 0.408248
1846.15 0.408248 0.816497 -0.408248
1846.15 0.408248 0.408248 0.816497
1846.15 0.408248 0.408248 -0.816497
1846.15 0.408248 -0.408248 0.816497
1846.15 0.408248 -0.408248 -0.816497
1846.15 0.408248 -0.816497 0.408248
1846.15 0.408248 -0.816497 -0.408248
1846.15 0.816497 0.408248 0.408248
1846.15 0.816497 0.408248 -0.408248
1846.15 0.816497 -0.408248 0.408248
1846.15 0.816497 -0.408248 -0.408248
2461.54 -0.707107 0.707107 0
2461.54 -0.707107 0 0.707107
2461.54 -0.707107 0 -0.707107
2461.54 -0.707107 -0.707107 0
2461.54 0 0.707107 0.707107
2461.54 0 0.707107 -0.707107
2461.54 0 -0.707107 0.707107
2461.54 0 -0.707107 -0.707107
2461.54 0.707107 0.707107 0
2461.54 0.707107 0 0.707107
2461.54 0.707107 0 -0.707107
2461.54 0.707107 -0.707107 0
2769.23 -1 0 0
2769.23 -0.666667 0.666667 0.333333
2769.23 -0.666667 0.666667 -0.333333
2769.23 -0.666667 0.333333 0.666667
2769.23 -0.666667 0.333333 -0.666667
2769.23 -0.666667 -0.333333 0.666667
2769.23 -0.666667 -0.333333 -0.666667
2769.23 -0.666667 -0.666667 0.333333
2769.23 -0.666667 -0.666667 -0.333333
2769.23 -0.333333 0.666667 0.666667
2769.23 -0.333333 0.666667 -0.666667
2769.23 -0.333333 -0.666667 0.666667
2769.23 -0.333333 -0.666667 -0.666667
2769.23 0 1 0
2769.23 0 0 1
2769.23 0 0 -1
2769.23 0 -1 0
2769.23 0.333333 0.666667 0.666667
2769.23 0.333333 0.666667 -0.666667
2769.23 0.333333 -0.666667 0.666667
2769.23 0.333333 -0.666667 -0.666667
2769.23 0.666667 0.666667 0.333333
2769.23 0.666667 0.666667 -0.333333
2769.23 0.666667 0.333333 0.666667
2769.23 0.666667 0.333333 -0.666667
2769.23 0.666667 -0.333333 0.666667
2769.23 0.666667 -0.333333 -0.666667
2769.23 0.666667 -0.666667 0.333333
2769.23 0.666667 -0.666667 -0.333333
2769.23 1 0 0
3076.92 -0.948683 0.316228 0
3076.92 -0.948683 0 0.316228
3076.92 -0.948683 0 -0.316228
3076.92 -0.948683 -0.316228 0
3076.92 -0.316228 0.948683 0
3076.92 -0.316228 0 0.948683
3076.92 -0.316228 0 -0.948683
3076.92 -0.316228 -0.948683 0
3076.92 0 0.948683 0.316228
3076.92 0 0.948683 -0.316228
3076.92 0 0.316228 0.948683
3076.92 0 0.316228 -0.948683
3076.92 0 -0.316228 0.948683
3076.92 0 -0.316228 -0.948683
3076.92 0 -0.948683 0.316228
3076.92 0 -0.948683 -0.316228
3076.92 0.316228 0.948683 0
3076.92 0.316228 0 0.948683
3076.92 0.316228 0 -0.948683
3076.92 0.316228 -0.948683 0
3076.92 0.948683 0.316228 0
3076.92 0.948683 0 0.316228
3076.92 0.948683 0 -0.316228
3076.92 0.948683 -0.316228 0
3384.62 -0.904534 0.301511 0.301511
3384.62 -0.904534 0.301511 -0.301511
3384.62 -0.904534 -0.301511 0.301511
3384.62 -0.904534 -0.301511 -0.301511
3384.62 -0.301511 0.904534 0.301511
3384.62 -0.301511 0.904534 -0.301511
3384.62 -0.301511 0.301511 0.904534
3384.62 -0.301511 0.301511 -0.904534
3384.62 -0.301511 -0.301511 0.904534
3384.62 -0.301511 -0.301511 -0.904534
3384.62 -0.301511 -0.904534 0.301511
3384.62 -0.301511 -0.904534 -0.301511
3384.62 0.301511 0.904534 0.301511
3384.62 0.301511 0.904534 -0.301511
3384.62 0.301511 0.301511 0.904534
3384.62 0.301511 0.301511 -0.904534
3384.62 0.301511 -0.301511 0.904534
3384.62 0.301511 -0.301511 -0.904534
3384.62 0.301511 -0.904534 0.301511
3384.62 0.301511 -0.904534 -0.301511
3384.62 0.904534 0.301511 0.301511
3384.62 0.904534 0.301511 -0.301511
3384.62 0.904534 -0.301511 0.301511
3384.62 0.904534 -0.301511 -0.301511
3692.31 -0.57735 0.57735 0.57735
3692.31 -0.57735 0.57735 -0.57735
3692.31 -0.57735 -0.57735 0.57735
3692.31 -0.57735 -0.57735 -0.57735
3692.31 0.57735 0.57735 0.57735
3692.31 0.57735 0.57735 -0.57735
3692.31 0.57735 -0.57735 0.57735
3692.31 0.57735 -0.57735 -0.57735
4000 -0.83205 0.5547 0
4000 -0.83205 0 0.5547
4000 -0.83205 0 -0.5547
4000 -0.83205 -0.5547 0
4000 -0.5547 0.83205 0
4000 -0.5547 0 0.83205
4000 -0.5547 0 -0.83205
4000 -0.5547 -0.83205 0
4000 0 0.83205 0.5547
4000 0 0.83205 -0.5547
4000 0 0.5547 0.83205
4000 0 0.5547 -0.83205
4000 0 -0.5547 0.83205
4000 0 -0.5547 -0.83205
4000 0 -0.83205 0.5547
4000 0 -0.83205 -0.5547
4000 0.5547 0.83205 0
4000 0.5547 0 0.83205
4000 0.5547 0 -0.83205
4000 0.5547 -0.83205 0
4000 0.83205 0.5547 0
4000 0.83205 0 0.5547
4000 0.83205 0 -0.5547
4000 0.83205 -0.5547 0